planar_1
AM
64
0100000011000000000000000000000000000000000000000000000010000000
1010000001100000000000000000000000000000000000000000000011000000
0101000000110000000000000000000000000000000000000000000001100000
0010100000011000000000000000000000000000000000000000000000110000
0001010000001100000000000000000000000000000000000000000000011000
0000101000000110000000000000000000000000000000000000000000001100
0000010100000011000000000000000000000000000000000000000000000110
0000001000000001000000000000000000000000000000000000000000000011
1000000001000000110000000000000000000000000000001000000000000000
1100000010100000011000000000000000000000000000000000000000000000
0110000001010000001100000000000000000000000000000000000000000000
0011000000101000000110000000000000000000000000000000000000000000
0001100000010100000011000000000000000000000000000000000000000000
0000110000001010000001100000000000000000000000000000000000000000
0000011000000101000000110000000000000000000000000000000000000000
0000001100000010000000010000000000000000000000000000000100000000
0000000010000000010000001100000000000000100000000000000000000000
0000000011000000101000000110000000000000000000000000000000000000
0000000001100000010100000011000000000000000000000000000000000000
0000000000110000001010000001100000000000000000000000000000000000
0000000000011000000101000000110000000000000000000000000000000000
0000000000001100000010100000011000000000000000000000000000000000
0000000000000110000001010000001100000000000000000000000000000000
0000000000000011000000100000000100000000000000010000000000000000
0000000000000000100000000100000011000000000000000000000000000000
0000000000000000110000001010000001100000000000000000000000000000
0000000000000000011000000101000000110000000000000000000000000000
0000000000000000001100000010100000011000000000000000000000000000
0000000000000000000110000001010000001100000000000000000000000000
0000000000000000000011000000101000000110000000000000000000000000
0000000000000000000001100000010100000011000000000000000000000000
0000000000000000000000110000001000000001000000000000000000000000
0000000000000000000000001000000001000000110000000000000000000000
0000000000000000000000001100000010100000011000000000000000000000
0000000000000000000000000110000001010000001100000000000000000000
0000000000000000000000000011000000101000000110000000000000000000
0000000000000000000000000001100000010100000011000000000000000000
0000000000000000000000000000110000001010000001100000000000000000
0000000000000000000000000000011000000101000000110000000000000000
0000000000000000000000000000001100000010000000010000000000000000
0000000000000000100000000000000010000000010000001100000000000000
0000000000000000000000000000000011000000101000000110000000000000
0000000000000000000000000000000001100000010100000011000000000000
0000000000000000000000000000000000110000001010000001100000000000
0000000000000000000000000000000000011000000101000000110000000000
0000000000000000000000000000000000001100000010100000011000000000
0000000000000000000000000000000000000110000001010000001100000000
0000000000000000000000010000000000000011000000100000000100000000
0000000010000000000000000000000000000000100000000100000011000000
0000000000000000000000000000000000000000110000001010000001100000
0000000000000000000000000000000000000000011000000101000000110000
0000000000000000000000000000000000000000001100000010100000011000
0000000000000000000000000000000000000000000110000001010000001100
0000000000000000000000000000000000000000000011000000101000000110
0000000000000000000000000000000000000000000001100000010100000011
0000000000000001000000000000000000000000000000110000001000000001
1100000000000000000000000000000000000000000000001000000001000000
0110000000000000000000000000000000000000000000001100000010100000
0011000000000000000000000000000000000000000000000110000001010000
0001100000000000000000000000000000000000000000000011000000101000
0000110000000000000000000000000000000000000000000001100000010100
0000011000000000000000000000000000000000000000000000110000001010
0000001100000000000000000000000000000000000000000000011000000101
0000000100000000000000000000000000000000000000000000001100000010
