planar_2
AM
36
010000110000000000000000000000100000
101000011000000000000000000000110000
010100001100000000000000000000011000
001010000110000000000000000000001100
000101000011000000000000000000000110
000010000001000000000000000000000011
100000010000110000000000100000000000
110000101000011000000000000000000000
011000010100001100000000000000000000
001100001010000110000000000000000000
000110000101000011000000000000000000
000011000010000001000000000001000000
000000100000010000110000000000000000
000000110000101000011000000000000000
000000011000010100001100000000000000
000000001100001010000110000000000000
000000000110000101000011000000000000
000000000011000010000001000000000000
000000000000100000010000110000000000
000000000000110000101000011000000000
000000000000011000010100001100000000
000000000000001100001010000110000000
000000000000000110000101000011000000
000000000000000011000010000001000000
000000100000000000100000010000110000
000000000000000000110000101000011000
000000000000000000011000010100001100
000000000000000000001100001010000110
000000000000000000000110000101000011
000000000001000000000011000010000001
110000000000000000000000100000010000
011000000000000000000000110000101000
001100000000000000000000011000010100
000110000000000000000000001100001010
000011000000000000000000000110000101
000001000000000000000000000011000010
