Con_Graph1
AM
50
00000000000100000001000000000000000100000000000000
00000000000000000000000000000000010000000100001000
00000000000000000000000000000000000000000000000010
00000001000000000100000000101100010100010010000100
00000000000000000000000000000100000010000001000000
00000000010100001001010000000100000010001000000010
00000000000000000000000000000100000000000000001000
00010000000000000000000000100100000000000001000000
00000000010010000010000000000000000000000010000000
00000100101010000011000000000000000000000001000000
00000000010000000000000000000000000000000010010000
10000100000000001000100001000000000001000000000000
00000000110000000000010000010000000000110000100010
00000000000000000000000000001000100100000100000000
00000000000000000000000000100000000000100001000000
00000000000000000000000000000001000000100011000000
00000100000100000001000000000101000000000000000100
00010000000000000000000000000000000000100000010000
00000000110000000000000000000000000100011001000000
10000100010000001000000000001000000000001000000010
00000000000100000000000010010000010100000000100000
00000100000010000000001000000000000000000000000000
00000000000000000000010000000000100000000010001000
00000000000000000000000000000000000110000101000000
00000000000000000000100000011100000100000000010001
00000000000100000000000000000000000100000100001001
00010001000000100000000000001000000000100000000100
00000000000010000000100010000000000000011100000000
00010000000001000001000010100000100000010010000000
00011111000000001000000010000000000000000000100001
00000000000000000000000000000000001000000000000100
00000000000000011000000000000000000000000000000000
00000000000001000000001000001000001000000000000000
01010000000000000000100000000000000000100000000000
00000000000000000000000000000010100001010000001000
10010000000001000010100111000000000000000000000000
00001100000000000000000100000000000000001000101000
00000000000100000000000000000000001000000000000000
00000000000010110100000000100000010000000010000000
00010000000010000010000000011000001000000000011000
00000100000000000011000000010000000010000000000001
01000000000001000000000101010000000000000000000000
00010000101000010000001000001000000000100000000000
00001001010000110010000100000000000000000000000000
00000000000010000000100000000100000010000000000000
00000000001000000100000010000000000000010000000000
01000010000000000000001001000000001010010000000110
00010000000000001000000000100010000000000000001000
00100100000010000001000000000000000000000000001000
00000000000000000000000011000100000000001000000000
