Dis_Graph
AM
50
00001000000000000010000001000000000000010000001000
00000000000000010000000000000001000000000000010000
00000000000000001000000000000000000000000000000010
00001000000000000000000000000000000000010000000000
10010000000000000000100000000010000000000000000010
00000000000100000000000000000000000000001000000000
00000000000000000000000000100000000000000000000000
00000000100000100000000000000000000000100000000000
00000001000000000000000000000000000000000000000001
00000000000010000000000100000000000000001000000000
00000000000000000000000000000000000000010000000101
00000100000000000000000001000000010000000000000010
00000000010000000000000000000000000000000000000001
00000000000000100001000010000000000000100000001001
00000001000001000010000000000000001000000000000000
01000000000000000000000000000000000000000000000000
00100000000000000100000000000000000100000000001000
00000000000000001000001000000000000000000000101010
10000000000000100000000000000000000000000000100000
00000000000001000000000000000000000000001000000001
00001000000000000000000000000000000000000000000000
00000000000000000000000010000000000000000000000000
00000000000000000100000000000000000000000000001000
00000000010000000000000000000000000000001001000000
00000000000001000000010000100000000010001000000000
10000000000100000000000000000000000000001000000000
00000010000000000000000010000000000000100000000000
00000000000000000000000000000000000000010000000000
00000000000000000000000000000000000000000000000010
00000000000000000000000000000000000000000000000001
00001000000000000000000000000000000001000000000000
01000000000000000000000000000000100000000000000000
00000000000000000000000000000001000000000000000000
00000000000100000000000000000000000000000000000000
00000000000000100000000000000000000010100000000000
00000000000000001000000000000000000000000000000000
00000000000000000000000010000000001000000000000000
00000000000000000000000000000010000000000001000000
00000001000001000000000000100000001000000000000000
10010000001000000000000000010000000000000100000000
00000100010000000001000111000000000000000000000000
00000000000000000000000000000000000000010000001000
00000000000000000000000000000000000000000000100000
00000000000000000000000100000000000001000000000000
00000000000000000110000000000000000000000010000001
01000000000000000000000000000000000000000000000000
10000000000001001100001000000000000000000100000000
00000000001000000000000000000000000000000000000000
00101000000100000100000000001000000000000000000000
00000000101011000001000000000100000000000000100000
